 ID    Period    HX    HY    HMag   eHMag 
 608418    287.015  1210.179  1249.445    21.996     0.204  
 479358    253.514   165.583   983.280    22.885     0.194  
 449588    272.561   418.105   920.864    22.757     0.203  
 242358    292.075   200.187   497.320    22.422     0.196  
 311138    299.998   280.781   636.955    22.506     0.201  
 644398    256.965   288.277  1325.193    22.905     0.194  
 721368    232.619   823.139  1487.382    22.938     0.204  
 394458    237.358   143.229   807.290    22.864     0.202  
 208208    272.561   706.362   426.820    22.522     0.210  
 332628    279.017   369.799   680.133    22.455     0.207  
 370788    285.420   113.243   759.068    22.619     0.192  
 715828    266.351  1073.783  1475.178    22.726     0.209  
 349938    298.885  1317.493   714.479    22.260     0.221  
 520788    164.151   353.823  1067.963    23.412     0.213  
 650118    254.351   240.326  1337.317    22.419     0.189  
 616848    228.651   654.162  1267.100    23.127     0.235  
 496168    291.996   282.055  1018.286    22.352     0.190  
 363418    282.467   703.658   743.841    22.802     0.220  
 453118    280.047  1334.000   928.180    22.666     0.231  
 597358    248.556   740.721  1226.139    22.720     0.207  
 133738    278.917   550.455   275.260    22.300     0.206  
 618848    266.351   715.117  1270.588    22.621     0.202  
 528068    298.885   201.389  1083.082    21.849     0.188  
 647298    289.495   235.464  1331.471    22.564     0.188  
 664938    266.351   333.671  1367.528    22.624     0.193  
 472288    211.521   161.500   968.293    22.770     0.197  
 146328    254.351   265.218   300.909    22.352     0.202  
 672108    219.564   769.800  1383.005    23.299     0.209  
 266268    197.301   162.507   545.247    23.137     0.207  
 380338    229.495   243.303   777.549    22.835     0.199  
 594598    290.564   483.370  1220.333    22.604     0.197  
 727508    291.637   789.542  1500.190    22.351     0.195  
 476258    237.529   536.407   976.140    22.914     0.208  
 617928    222.279  1197.375  1269.431    23.222     0.246  
 87888    262.712   446.094   181.790    22.899     0.225  
 203508    292.075   506.223   417.405    22.772     0.217  
 638908    292.075  1319.046  1313.654    22.438     0.223  
 628028    254.351   614.897  1290.244    22.888     0.195  
 255828    242.893   335.968   523.843    22.872     0.212  
 17238    285.420  1005.132    36.353    22.598     0.303  
 281658    298.160   451.896   576.932    22.360     0.202  
 613008    283.859   569.733  1259.110    22.611     0.195  
 311968    280.736   127.058   639.204    23.048     0.199  
 602908    188.497   721.596  1238.312    23.667     0.232  
 580718    155.642   561.868  1190.983    23.385     0.315  
 678788    248.556   823.067  1396.599    23.084     0.198  
 296168    272.561   587.797   605.780    22.036     0.213  
 419548    291.279   621.490   858.871    22.673     0.215  
 315638    266.351    97.712   646.081    22.768     0.205  
 695688    219.564   590.231  1433.013    22.709     0.195  
 249488    278.917   908.636   510.508    21.974     0.211  
 523818    212.138   669.354  1074.058    23.390     0.248  
 699468    235.206   760.503  1441.309    22.658     0.211  
 642518    148.359   386.037  1320.716    23.599     0.207  
 124678    292.075  1203.963   255.906    22.276     0.310  
 411428    251.343   465.240   842.177    22.758     0.213  
 657898    216.350   865.844  1352.808    22.894     0.198  
 400198    218.219   747.982   819.229    22.840     0.241  
 649358    260.282  1158.361  1335.152    22.563     0.213  
 323638    285.420  1285.386   661.373    22.395     0.274  
 2168908    192.892   406.781   355.472    22.684     0.213  
 573988    204.459   519.381  1177.531    22.993     0.196  
 363538    298.885  1185.823   743.817    22.486     0.235  
 670268    266.351   851.739  1379.022    22.486     0.198  
 473358    276.627   765.202   970.210    22.879     0.250  
 606898    233.191  1195.817  1245.831    22.650     0.290  
 583858    240.171   897.050  1196.589    22.935     0.248  
 2579478    126.299   599.205  1201.109    23.455     0.268  
 638338    283.858  1123.039  1311.593    22.867     0.205  
 597278    207.497   383.770  1226.086    23.129     0.204  
 427868    298.885   675.150   876.063    22.608     0.217  
 188478    260.282   522.586   385.196    22.918     0.238  
 489358    278.917   210.242  1003.773    22.916     0.202  
 431568    248.556   254.384   883.858    22.707     0.195  
 66608    287.368   907.036   138.700    22.933     0.325  
 358978    250.418   188.432   736.150    22.890     0.199  
 301518    289.851   282.303   617.766    23.054     0.204  
 462998    285.420   716.384   949.504    22.838     0.255  
 393228    291.996   485.876   799.058    22.590     0.218  
 82448    293.435   701.763   170.915    22.358     0.253  
 279318    228.932   702.187   571.424    22.956     0.261  
 434878    266.351   198.778   897.428    22.343     0.195  
 210048    293.074  1025.448   430.910    22.067     0.209  
 257428    251.343   186.118   526.346    23.268     0.209  
 544218    285.420   623.267  1115.368    22.806     0.218  
 45778    297.428  1163.107    93.713    22.789     0.296  
 197238    220.917   292.509   404.256    22.839     0.216  
 2659138    237.358  1081.393  1357.577    23.005     0.308  
 50018    290.207   580.996   104.724    21.944     0.203  
 134198    275.244   738.268   276.408    23.041     0.315  
 251428    244.339   388.154   515.331    22.981     0.224  
 481988    260.282   926.854   988.578    22.896     0.216  
 284738    272.561   861.839   582.541    22.750     0.280  
 237418    221.500   647.811   486.566    22.568     0.309  
 385098    278.917  1283.219   786.706    22.899     0.242  
 251098    186.687  1008.364   514.026    22.991     0.291  
 153748    298.885   954.290   316.074    23.075     0.248  
 206138    278.917  1511.589   421.195    22.499     0.317  
 431188    196.334   506.849   882.849    23.538     0.234  
 2052648    277.308  1284.940   111.922    23.040     0.315  
 599928    287.722  1294.365  1231.291    22.410     0.213  
 2028568    286.311  1099.497    61.265    23.279     0.303  
 378548    247.968   583.649   774.141    23.240     0.236  
 350188    277.308   314.128   716.407    22.994     0.219  
 365908    248.556   615.223   749.056    23.030     0.242  
 552568    260.282   458.286  1132.942    21.978     0.192  
 304978    254.351   849.301   623.650    22.824     0.264  
 305118    238.114  1093.543   623.910    22.684     0.222  
 597388    236.655   789.975  1225.944    23.001     0.201  
 237378    234.628   350.446   487.379    22.668     0.330  
 143428    242.893  1472.832   293.590    22.438     0.295  
 90728    257.597  1304.056   187.675    22.384     0.309  
 266418    270.908   666.132   544.925    22.914     0.288  
 488348    130.721   228.918  1002.536    23.084     0.201  
 229138    162.683  1022.328   468.840    23.600     0.310  
 364508    271.909   679.321   746.098    22.531     0.219  
 732058    278.917   804.487  1510.131    22.522     0.194  
 2165378    146.283   284.463   348.510    23.604     0.281  
 158838    285.420  1335.321   325.615    22.441     0.309  
 119318    292.075  1108.759   245.247    22.404     0.237  
 338348    237.358   725.402   691.057    23.118     0.353  
 2342328    292.075  1620.786   717.294    23.240     0.299  
 51608    213.445  1207.154   108.278    23.459     0.313  
 83558    267.928  1202.454   172.641    22.669     0.311  
 627778    298.894  1411.555  1288.953    22.596     0.228  
 2170578    278.917   618.569   358.172    22.396     0.238  
 172648    276.627   816.521   354.173    22.772     0.221  
 452678    260.282  1412.170   926.641    22.887     0.250  
 363638    206.702  1361.535   744.105    23.138     0.292  
 376728    267.271  1426.288   769.599    22.633     0.250  
 149268    241.651   484.351   306.272    23.271     0.275  
 667528    263.750  1064.772  1373.126    22.665     0.210  
 500498    221.500  1475.963  1026.460    23.247     0.328  
 635618    285.420  1334.680  1305.836    22.796     0.231  
 319888    254.351   405.072   654.192    22.768     0.203  
 446388    192.275  1243.554   913.517    23.270     0.300  
 533938    296.334   853.645  1095.187    23.052     0.228  
 2075878    298.885  1305.445   161.798    22.680     0.297  
 89868    266.351   825.828   185.970    22.765     0.316  
 421128    285.420  1280.317   861.957    22.427     0.256  
 2267358    281.082  1191.527   562.747    22.480     0.315  
 136098    149.694   374.140   280.484    23.890     0.280  
 2263338    171.895   402.399   555.511    23.753     0.305  
 314498    279.360  1534.819   643.749    22.542     0.319  
 615758    141.939   277.414  1265.427    24.181     0.281  
 665098    256.649   937.887  1368.188    22.854     0.234  
 198318    292.355  1057.224   406.234    22.343     0.216  
 340818    292.075   792.437   695.392    22.776     0.221  
 129908    282.120  1308.901   266.712    22.691     0.302  
 656068    194.892  1234.344  1348.928    23.599     0.353  
 620928    285.420  1427.616  1275.159    22.482     0.224  
 512128    273.584   959.770  1049.278    22.815     0.227  
 429358    253.203  1524.067   879.005    22.408     0.293  
 2192618    270.575  1566.427   404.160    22.238     0.315  
 299508    238.114   447.056   614.338    23.166     0.237  
 452248    298.886  1371.536   925.594    23.094     0.273  
 649828    203.958  1044.858  1335.605    23.253     0.320  
 525638    292.075  1227.383  1078.392    22.161     0.210  
 2616438    173.631   970.306  1275.201    24.529     0.351  
 344478    285.420   724.740   703.732    22.113     0.206  
