 ID    Period    HX    HY    HMag   eHMag 
 3002588    374.586   697.660     5.385    24.150     0.153  
 8168    344.937   725.941    23.264    24.202     0.163  
 3009388    272.999   553.360    22.640    24.649     0.176  
 9348    339.024   451.567    26.954    25.059     0.184  
 13728    260.733   719.626    40.124    24.228     0.270  
 14238    240.849   214.651    42.213    24.018     0.178  
 3016238    295.503   749.607    44.512    24.916     0.253  
 19648    263.733   587.545    56.643    24.259     0.473  
 16068    310.348   309.246    47.456    24.263     0.145  
 22278    347.314   517.991    64.354    24.507     0.183  
 3035328    319.410   386.645    94.986    24.782     0.216  
 39738    272.939   669.508   109.656    24.465     0.372  
 36268    251.081   327.299   101.019    25.040     0.261  
 40158    326.046   757.175   111.162    24.573     0.363  
 40998    267.813   759.922   112.767    24.821     0.484  
 3046858    254.121   715.432   125.538    23.570     0.485  
 3049098    328.070   194.400   130.754    24.437     0.216  
 59858    257.784   173.463   164.217    24.362     0.215  
 67288    279.258   858.723   181.645    24.331     0.470  
 240848    335.133   892.648   647.835    24.124     0.520  
 291318    268.850   217.584   782.345    24.619     0.497  
 302998    299.648   249.118   812.793    24.648     0.694  
 304678    323.445   749.442   817.461    23.812     0.506  
 3275388    331.884   756.571   819.201    24.065     0.407  
 3283118    246.727   791.377   839.790    25.178     0.459  
 313638    304.393   826.856   839.746    24.927     0.276  
 315398    335.233   446.634   845.005    24.440     0.364  
 318438    306.537   897.589   851.830    24.333     0.193  
 324498    325.906   555.668   868.344    24.344     0.461  
 323618    352.786   382.766   866.405    23.793     0.302  
 328798    360.663   706.431   879.137    24.052     0.516  
 338728    369.393   347.484   904.695    24.692     0.248  
 3307928    243.951   818.424   905.263    24.785     0.355  
 3310978    395.564   818.594   912.614    23.967     0.289  
 343718    388.532   446.230   917.922    24.571     0.248  
 343828    345.017   782.306   917.738    23.526     0.290  
 343698    268.540   408.575   918.369    24.687     0.458  
 348438    260.141   778.605   929.605    24.584     0.329  
 3325778    366.496   387.509   950.796    24.996     0.272  
 358258    369.474   670.590   955.815    24.455     0.216  
 357208    268.119   650.613   952.727    24.797     0.225  
 3329718    276.867   405.465   960.565    24.810     0.247  
 362408    330.636   664.816   967.190    24.681     0.186  
 35918    293.738   339.956   100.420    24.468     0.266  
 3054038    357.483   625.533   144.521    24.504     0.591  
 297688    288.410   292.256   799.419    24.124     0.532  
 322868    394.162   411.182   864.176    24.175     0.259  
 3046418    290.438   655.444   130.147    24.066     0.398  
 311678    336.430   852.682   835.321    24.592     0.220  
 330128    366.977   295.845   882.560    24.549     0.310  
 3301108    354.050   547.598   888.189    23.912     0.289  
 342178    361.618   303.297   914.425    23.873     0.205  
 3326678    357.003   678.412   952.785    24.611     0.187  
 36618    266.628   470.708   102.408    24.100     0.346  
 59148    348.142   311.614   162.036    23.769     0.281  
 3168188    387.319  1038.412   493.234    24.066     0.582  
 36908    309.643   203.772   102.581    24.355     0.196  
 52228    282.034   489.584   143.373    24.520     0.495  
 37378    389.076   361.893   103.687    24.475     0.151  
 3260298    311.832   330.601   776.676    24.368     0.674  
 53668    326.785   781.482   146.646    24.482     0.380  
 3069038    339.519   808.534   184.423    24.238     0.604  
 1588    332.597   555.898     3.461    24.752     0.142  
 7388    270.401   504.407    20.865    24.647     0.185  
 17188    357.103   436.345    50.359    24.224     0.138  
 3025818    282.054   319.584    69.551    25.506     0.208  
 48958    391.569   858.596   133.654    23.669     0.279  
 51648    343.968   830.776   141.081    24.146     0.380  
 59538    356.663   339.393   163.202    24.659     0.376  
 256358    307.258   991.606   689.759    23.124     0.490  
 3302328    288.370   826.688   890.741    24.019     0.334  
 360558    358.355   725.635   961.670    23.906     0.152  
 3050128    306.917   207.666   134.534    24.511     0.165  
 307248    335.532   507.702   823.564    23.518     0.444  
 69318    349.438   783.855   187.142    24.464     0.789  
 98008    375.108   284.469   262.330    24.250     0.519  
 314978    340.322   524.501   843.668    22.389     0.416  
 3282078    336.490   854.477   837.466    24.652     0.222  
 3275608    280.022   259.397   820.131    24.727     0.502  
 308968    396.856   813.650   827.359    23.684     0.288  
 39998    305.911   266.782   111.371    24.439     0.200  
 44648    385.015   737.433   123.250    22.724     0.293  
 58848    270.940   422.235   161.446    24.473     0.462  
 253618    351.030   845.317   682.383    23.508     0.605  
 337798    270.601   866.402   901.672    25.197     0.201  
 3047528    314.966   377.511   127.412    24.481     0.231  
 3294628    284.848   421.611   870.765    24.341     0.288  
 271838    348.583   202.359   731.531    24.091     0.721  
 3038518    247.318   595.850   103.098    24.909     0.388  
 3070228    331.864   943.789   186.812    24.419     0.396  
 3292398    281.634   792.678   864.262    24.621     0.266  
 3065918    292.110   338.283   175.765    24.071     0.288  
 299438    247.791   929.457   802.901    24.652     0.407  
 72358    369.413   390.291   195.551    22.520     0.610  
 349198    335.492   590.490   931.784    24.638     0.234  
 33328    271.141   843.300    92.846    24.580     0.269  
 301188    304.989   313.026   807.726    24.714     0.550  
 3284208    394.664   587.786   842.452    24.145     0.410  
 17578    260.282   584.568    51.727    24.884     0.325  
 326348    284.488   322.703   872.753    24.813     0.354  
 317148    371.082   863.648   848.951    24.365     0.220  
 38568    287.198   551.478   106.629    23.992     0.315  
 3038468    327.589   444.448   103.034    24.652     0.255  
 3259568    375.028   264.353   774.847    24.106     0.496  
 245248    366.316   914.425   660.142    23.246     0.651  
 28288    310.977   832.557    79.536    24.258     0.225  
 79758    268.710   250.673   214.714    24.393     0.395  
 324418    368.413   322.746   867.429    23.693     0.299  
 319858    326.325   450.203   855.497    23.225     0.392  
 3255188    242.000   866.463   762.653    24.185     0.521  
 359748    317.914   621.539   960.307    24.639     0.172  
 328028    318.194   326.950   877.066    24.316     0.298  
 3247498    333.456   353.348   739.520    24.018     0.712  
