ID    Period    HX    HY    HMag    eHMag
    11847  278.797  955.520  343.315   22.257    0.148 
    15574  375.028  839.670  434.390   21.824    0.124 
    17867  327.769 1096.264  488.428   21.962    0.093 
    19646  323.505  884.815  529.661   22.148    0.123 
    20101  301.450  630.333  541.294   22.265    0.160 
    20855  339.800 1121.022  558.962   22.228    0.150 
    23593  375.068  994.737  623.863   21.872    0.133 
    23699  269.624  389.271  627.473   22.306    0.279 
    23734  328.050  367.864  628.169   21.664    0.261 
    24253  344.309  658.342  639.815   21.833    0.154 
    24555  278.777 1074.337  646.583   22.187    0.161 
    25199  317.264  491.417  661.665   22.361    0.303 
    25721  364.232 1240.527  673.906   21.947    0.086 
    25838  245.271  990.950  676.706   22.140    0.321 
    27677  337.654  457.686  720.582   22.036    0.119 
    28296  385.835 1192.975  735.376   21.710    0.114 
    28865  362.219  756.423  749.437   21.755    0.237 
    29176  328.699 1070.847  756.009   22.238    0.136 
    29413  345.792  519.587  761.697   22.157    0.133 
    31939  384.760  744.457  818.709   21.848    0.125 
    31945  338.543  839.414  819.016   22.011    0.122 
    32590  289.463  617.460  834.223   22.178    0.144 
    33155  248.111 1095.800  845.552   21.975    0.167 
    33219  314.346  468.451  847.881   22.194    0.159 
    34056  297.024  782.113  867.317   22.114    0.122 
    34489  248.446  975.088  875.998   22.657    0.163 
    36007  299.977  794.525  909.507   22.077    0.165 
    36702  398.800 1062.076  925.582   21.523    0.112 
    36691  379.731  724.927  925.655   21.790    0.198 
    36972  298.762  818.318  931.554   22.357    0.176 
    41818  296.744  491.157 1047.936   22.382    0.218 
    42468  327.929  580.716 1063.806   22.148    0.147 
    42919  319.290  516.306 1075.084   22.082    0.113 
    43663  385.614  767.849 1092.017   21.835    0.100 
    44423  260.793  864.923 1110.031   22.240    0.172 
    46021  301.970  801.972 1148.243   22.271    0.147 
    47808  336.190  649.877 1192.133   22.044    0.078 
    47951  333.456  756.958 1195.226   22.101    0.096 
    49407  341.123  553.779 1231.712   22.164    0.088 
    50365  324.473  738.020 1257.192   22.158    0.103 
    50506  274.968  528.483 1260.618   21.830    0.353 
    13045  313.172  741.662  373.281   21.962    0.123 
    13095  319.110  745.722  374.224   22.165    0.145 
    15278  297.600  667.048  426.737   21.793    0.198 
    15408  340.642  786.555  429.841   21.758    0.170 
    17224  364.770 1108.938  473.421   22.240    0.224 
    20427  350.861  537.725  549.459   22.046    0.178 
    21559  352.806  718.362  576.111   21.811    0.160 
    22286  378.492  741.163  592.944   21.870    0.213 
    25070  274.168 1093.494  659.372   22.255    0.144 
    27492  260.833  564.456  716.088   21.600    0.176 
    28811  261.804  454.389  747.797   22.473    0.236 
    28876  276.807 1039.521  748.609   22.334    0.204 
    33226  338.323  575.664  848.198   22.371    0.155 
    33240  288.063  957.168  848.352   22.274    0.223 
    34605  356.883  607.797  878.877   21.916    0.158 
    36562  276.097  691.338  922.801   22.578    0.135 
    39271  361.043  980.627  984.586   21.751    0.135 
    41896  311.258  513.882 1050.213   22.280    0.119 
    42151  307.587  631.658 1055.631   22.116    0.111 
    44851  247.498  710.459 1120.440   22.156    0.195 
    18405  344.817  711.308  500.868   22.230    0.146 
    21395  367.911  597.778  572.285   22.155    0.183 
    27162  355.498  705.534  708.382   21.917    0.170 
    37322  288.410  989.647  939.867   22.311    0.178 
    37620  329.875  816.872  947.438   21.804    0.159 
    37662  338.944  591.981  947.911   22.009    0.106 
    37700  319.730  478.477  948.813   22.382    0.130 
    40160  395.845  572.771 1007.515   21.901    0.092 
    20289  304.033 1152.428  545.062   22.099    0.124 
    20366  331.964 1055.260  547.215   22.070    0.086 
    20505  343.548  393.132  550.728   22.183    0.135 
    23778  381.218  571.775  629.374   21.332    0.128 
    35816  374.285  661.207  905.517   21.906    0.106 
    25010  328.819  379.003  657.934   22.076    0.250 
    38817  382.158  764.653  974.272   22.280    0.102 
   228917  367.271  364.423  755.577   22.373    0.142 
   233914  305.631  619.615  868.772   22.160    0.224 
   226605  257.387 1202.393  700.734   22.712    0.161 
   233920  337.314  758.347  868.962   22.101    0.126 
   223453  243.515  574.279  626.880   22.658    0.207 
   237325  323.284  810.369  942.684   22.002    0.277 
   215837  310.555  551.859  443.473   22.105    0.182 
    12532  258.625  649.591  360.134   21.609    0.193 
    16778  355.140 1124.854  461.769   22.096    0.226 
    18926  338.523  600.623  513.352   22.197    0.151 
    19449  279.861  979.809  524.807   22.254    0.205 
    26909  379.950  666.205  701.732   21.774    0.119 
    29869  366.656 1020.003  772.064   22.084    0.131 
    30937  257.584  956.163  796.184   22.582    0.237 
    49299  337.734  844.674 1229.127   22.032    0.098 
    17382  377.521  544.349  477.198   21.960    0.195 
    20975  350.340  587.135  561.505   21.918    0.129 
    21375  365.931 1171.073  570.756   22.091    0.113 
    26006  351.389  644.293  681.491   22.131    0.185 
    27951  379.713  940.383  726.883   21.919    0.114 
    32429  375.208  593.540  829.775   21.682    0.118 
    33650  353.190  895.398  857.039   22.134    0.100 
    45242  320.756  596.750 1129.404   22.024    0.129 
    12281  287.299  707.476  354.159   22.364    0.261 
    12577  246.259  667.676  361.014   22.814    0.209 
    12634  328.110  928.231  361.565   22.272    0.168 
    16718  302.433  568.561  461.346   21.753    0.148 
    18123  361.084  795.906  493.973   22.083    0.121 
    34120  284.039 1096.473  868.486   21.878    0.162 
    41641  289.503  482.509 1043.684   22.201    0.134 
    10101  373.524  898.925  300.505   22.023    0.183 
    35354  357.183  536.805  895.536   21.829    0.131 
    18797  330.937  846.409  510.330   22.025    0.165 
    21372  254.081 1079.374  571.380   22.529    0.201 
    30437  368.813  594.375  785.187   22.194    0.127 
   231480  265.174  982.470  813.838   22.475    0.272 
    16727  398.098  920.784  461.096   22.147    0.139 
    22118  245.291  751.347  589.365   22.574    0.159 
    25236  338.383  726.846  662.886   22.007    0.118 
    27540  345.912  867.953  716.828   22.119    0.169 
    28772  340.080  501.575  747.325   21.805    0.143 
    42109  385.835  649.520 1055.004   21.718    0.114 
    19391  391.168  472.748  523.955   21.974    0.190 
    20069  276.727  791.009  539.883   22.540    0.158 
    30093  294.498 1119.355  776.559   21.980    0.277 
    39332  334.842  403.337  986.560   22.220    0.126 
    40236  260.733  387.595 1009.100   22.182    0.228 
    15117  355.381  877.519  422.966   21.696    0.090 
    17016  296.431  714.733  467.848   21.809    0.184 
    23714  265.174 1081.781  626.979   22.256    0.196 
    29029  348.202  415.702  752.997   22.150    0.160 
    29292  353.909  403.357  758.527   21.846    0.133 
    25881  339.980  776.389  678.286   21.841    0.198 
    41352  335.042  454.495 1037.294   21.980    0.157 
    45894  393.071  790.885 1145.307   21.626    0.097 
    11472  381.978  883.560  334.079   21.671    0.165 
    32035  265.909  736.590  820.427   22.184    0.185 
    30187  281.420 1122.688  779.403   22.391    0.148 
    25232  371.442  582.292  662.731   22.374    0.224 
    15449  392.410 1036.308  431.194   21.825    0.142 
    24839  399.390  467.447  653.778   21.788    0.177 
    42552  398.358  704.148 1065.964   22.319    0.090 
    24682  388.352  837.330  649.573   21.505    0.169 
    29075  298.422  480.527  754.009   21.897    0.155 
    17254  374.365  590.901  473.560   22.119    0.181 
    46061  342.466  622.838 1148.613   22.241    0.092 
    34387  281.139  889.091  873.604   21.652    0.165 
    10620  383.575  946.395  312.929   21.689    0.158 
    43917  341.251  751.080 1098.474   21.913    0.129 
    21986  280.428  995.553  585.816   22.307    0.136 
    32045  355.180 1054.312  820.939   22.148    0.137 
    34391  352.326 1043.369  874.434   22.064    0.097 
    15527  243.041  973.282  433.420   23.295    0.319 
    20429  379.713  608.309  549.129   22.186    0.129 
    25661  362.801  679.229  672.875   21.897    0.177 
    24802  318.970  856.213  653.200   21.977    0.126 
   244560  247.088  640.347 1116.696   22.616    0.174 
    22398  338.483  656.036  596.363   22.086    0.143 
    34816  281.974  528.544  883.570   22.231    0.151 
    19311  384.500  680.099  522.325   21.479    0.174 
    22153  337.914  369.127  589.996   22.422    0.168 
    14407  303.221 1055.495  406.291   22.051    0.173 
    47483  317.284  650.242 1184.414   22.281    0.100 
    35681  319.070  764.983  903.454   22.163    0.153 
    40483  328.519  341.092 1014.663   22.002    0.143 
    18589  248.727 1155.001  505.080   22.969    0.192 
    27471  320.636 1107.995  714.793   21.898    0.107 
    15413  281.734  990.148  429.817   22.788    0.144 
    23839  394.423 1048.723  630.073   22.289    0.137 
    36829  296.984  549.731  929.345   22.420    0.138 
    14898  292.702  651.860  418.108   22.142    0.260 
    34203  292.842  504.177  870.227   22.069    0.148 
    38687  344.817  724.905  971.477   22.033    0.115 
    17350  343.688  775.578  475.759   22.139    0.157 
    36831  246.239  602.051  929.218   22.398    0.167 
    14139  340.482 1025.836  400.131   21.938    0.144 
    12766  378.592  893.869  366.284   21.846    0.097 
    20699  326.167 1078.197  555.262   21.903    0.130 
    26333  329.494 1116.168  688.412   22.272    0.118 
    31018  371.402  907.747  798.043   21.911    0.102 
    31854  382.018  475.609  816.650   21.925    0.153 
    20394  269.303  880.457  547.986   22.411    0.165 
    25252  298.101 1144.494  662.977   21.993    0.191 
    26000  360.563  452.701  681.473   21.628    0.145 
    32299  292.942  674.695  827.420   22.054    0.180 
    38287  306.111  993.873  961.528   21.911    0.140 
    22370  270.130 1037.566  595.084   21.909    0.215 
    27684  324.993  738.495  720.867   22.141    0.161 
    23917  281.440  701.590  632.436   22.097    0.251 
    37669  258.404  841.357  948.426   22.372    0.182 
    19241  281.834  905.468  520.243   22.390    0.205 
    47480  278.077  591.999 1183.819   22.435    0.128 
    44543  365.250  595.462 1113.112   21.914    0.097 
   229157  334.081  723.916  760.198   22.075    0.204 
    25314  355.140  723.770  664.848   21.883    0.139 
    32438  288.123  800.749  830.134   22.485    0.164 
   230072  380.350  781.048  782.127   22.260    0.169 
    12460  264.382  867.180  358.132   22.305    0.191 
    33105  267.773  992.898  844.891   22.232    0.244 
    40818  267.753  768.645 1022.045   22.831    0.133 
    23431  268.890 1184.209  620.630   22.054    0.171 
    14943  377.442  704.146  419.168   21.954    0.160 
    49294  284.219  654.424 1228.739   22.279    0.111 
    38858  243.755  869.877  975.438   22.453    0.237 
    13296  323.426  749.666  379.083   21.789    0.122 
    24746  280.102  421.748  651.577   22.230    0.166 
    25231  306.677  551.155  662.547   21.873    0.238 
    24273  336.074 1171.166  639.442   21.949    0.172 
    28875  360.984 1032.532  749.130   21.714    0.120 
    23670  274.309  384.006  625.006   22.404    0.210 
    15962  370.564  797.112  443.146   21.903    0.115 
    35901  327.929  499.893  907.631   21.288    0.137 
    26050  366.196  767.514  682.620   21.830    0.124 
   216016  331.223  592.109  446.936   21.903    0.197 
    36019  339.519 1028.185  910.096   22.222    0.158 
